,uPPc_1,uPPc_2,uPPc_3,uPPc_4,uPPc_5,uPPc_6,uPPc_7,uPPc_8,uPPc_9,uPPc_10,uPPc_11,uPPc_12,uPPc_13,uPPc_14,uPPc_15,uPPc_16,uPPc_17,uPPc_18,uPPc_19,uPPc_20,uPPc_21,uPPc_22,uPPc_23,uPPc_24,uPPc_25,uPPc_26,uPPc_27,uPPc_28,uPPc_29,uPPc_33,uPPc_34,uPPc_35,uPPc_36,uPPc_37,uPPc_38,uPPc_39
uPPc_1,1.000,0.149,0.349,0.334,0.283,0.111,0.618,0.372,0.230,0.298,0.582,0.435,0.096,0.172,0.320,0.600,0.481,0.522,0.136,0.263,0.235,0.330,0.304,0.073,0.271,0.255,0.687,0.311,0.281,0.787,0.160,0.261,0.193,0.161,0.423,0.195
uPPc_2,0.149,1.000,-0.070,0.604,-0.092,0.226,0.080,-0.060,0.263,0.239,0.121,0.145,0.701,0.167,0.349,0.077,0.366,0.046,0.180,0.112,0.249,0.140,0.352,0.167,0.495,0.280,0.048,0.529,0.307,0.160,0.034,-0.087,0.052,0.063,0.391,0.581
uPPc_3,0.349,-0.070,1.000,0.171,0.321,0.037,0.187,0.858,0.145,0.221,0.249,0.206,-0.091,0.099,0.162,0.243,0.155,0.243,0.150,0.285,0.200,0.232,0.117,0.120,0.224,0.170,0.338,0.019,0.222,0.305,0.191,0.302,0.338,0.274,0.193,-0.042
uPPc_4,0.334,0.604,0.171,1.000,0.173,0.141,0.298,0.177,0.374,0.153,0.140,0.202,0.331,0.158,0.311,0.144,0.369,0.227,0.267,0.259,0.287,0.303,0.284,0.240,0.762,0.283,0.279,0.332,0.383,0.314,0.149,0.129,-0.039,0.106,0.340,0.269
uPPc_5,0.283,-0.092,0.321,0.173,1.000,0.023,0.234,0.346,0.213,0.137,0.211,0.281,-0.081,0.041,0.192,0.275,0.161,0.261,0.296,0.244,0.351,0.221,0.137,0.198,0.163,0.227,0.339,0.016,0.313,0.251,0.166,0.823,0.221,0.210,0.078,-0.111
uPPc_6,0.111,0.226,0.037,0.141,0.023,1.000,0.178,0.080,0.304,0.362,0.062,0.083,0.101,-0.014,0.040,0.081,0.113,0.045,0.372,0.231,0.427,0.006,0.008,0.334,0.161,0.386,0.090,0.100,0.424,0.138,-0.046,-0.070,-0.077,0.065,0.056,0.131
uPPc_7,0.618,0.080,0.187,0.298,0.234,0.178,1.000,0.256,0.403,0.270,0.420,0.225,0.081,0.005,0.210,0.557,0.292,0.327,0.177,0.236,0.191,0.116,0.111,0.133,0.178,0.217,0.638,0.156,0.224,0.737,0.037,0.139,-0.002,0.150,0.183,0.042
uPPc_8,0.372,-0.060,0.858,0.177,0.346,0.080,0.256,1.000,0.204,0.229,0.326,0.230,-0.055,0.118,0.240,0.374,0.237,0.277,0.155,0.292,0.272,0.226,0.136,0.148,0.217,0.202,0.430,0.058,0.307,0.381,0.166,0.328,0.359,0.331,0.224,-0.037
uPPc_9,0.230,0.263,0.145,0.374,0.213,0.304,0.403,0.204,1.000,0.316,0.306,0.256,0.208,0.148,0.276,0.244,0.369,0.154,0.583,0.470,0.595,0.357,0.261,0.576,0.279,0.387,0.396,0.300,0.550,0.357,0.012,0.076,-0.006,0.139,0.283,0.180
uPPc_10,0.298,0.239,0.221,0.153,0.137,0.362,0.270,0.229,0.316,1.000,0.358,0.221,0.109,0.084,0.189,0.234,0.273,0.192,0.174,0.445,0.419,0.316,0.332,0.137,0.291,0.573,0.135,0.195,0.453,0.280,0.074,0.148,0.175,0.168,0.255,0.314
uPPc_11,0.582,0.121,0.249,0.140,0.211,0.062,0.420,0.326,0.306,0.358,1.000,0.391,0.093,0.352,0.289,0.712,0.402,0.395,0.049,0.329,0.242,0.419,0.383,0.037,0.180,0.291,0.486,0.250,0.309,0.548,0.090,0.246,0.311,0.229,0.407,0.168
uPPc_12,0.435,0.145,0.206,0.202,0.281,0.083,0.225,0.230,0.256,0.221,0.391,1.000,0.087,0.239,0.286,0.313,0.408,0.261,0.228,0.242,0.330,0.250,0.237,0.240,0.251,0.207,0.396,0.226,0.300,0.348,0.153,0.281,0.282,0.145,0.206,0.096
uPPc_13,0.096,0.701,-0.091,0.331,-0.081,0.101,0.081,-0.055,0.208,0.109,0.093,0.087,1.000,0.175,0.453,0.113,0.305,0.073,0.111,0.006,0.137,0.039,0.307,0.159,0.254,0.132,0.114,0.426,0.145,0.144,0.002,-0.073,0.043,0.051,0.336,0.487
uPPc_14,0.172,0.167,0.099,0.158,0.041,-0.014,0.005,0.118,0.148,0.084,0.352,0.239,0.175,1.000,0.248,0.174,0.227,0.156,0.024,0.174,0.201,0.389,0.279,0.009,0.316,0.175,0.127,0.229,0.248,0.165,0.113,0.080,0.330,0.250,0.249,0.188
uPPc_15,0.320,0.349,0.162,0.311,0.192,0.040,0.210,0.240,0.276,0.189,0.289,0.286,0.453,0.248,1.000,0.314,0.351,0.279,0.232,0.194,0.272,0.242,0.348,0.255,0.363,0.215,0.438,0.429,0.286,0.335,0.143,0.189,0.105,0.110,0.367,0.342
uPPc_16,0.600,0.077,0.243,0.144,0.275,0.081,0.557,0.374,0.244,0.234,0.712,0.313,0.113,0.174,0.314,1.000,0.401,0.375,0.061,0.240,0.184,0.245,0.225,0.080,0.146,0.175,0.592,0.213,0.273,0.641,0.001,0.258,0.146,0.232,0.322,0.118
uPPc_17,0.481,0.366,0.155,0.369,0.161,0.113,0.292,0.237,0.369,0.273,0.402,0.408,0.305,0.227,0.351,0.401,1.000,0.251,0.170,0.344,0.349,0.387,0.488,0.115,0.346,0.334,0.408,0.421,0.411,0.442,0.071,0.219,0.192,0.197,0.462,0.402
uPPc_18,0.522,0.046,0.243,0.227,0.261,0.045,0.327,0.277,0.154,0.192,0.395,0.261,0.073,0.156,0.279,0.375,0.251,1.000,0.141,0.196,0.245,0.274,0.230,0.127,0.255,0.210,0.438,0.213,0.249,0.404,0.159,0.209,0.047,0.073,0.250,0.064
uPPc_19,0.136,0.180,0.150,0.267,0.296,0.372,0.177,0.155,0.583,0.174,0.049,0.228,0.111,0.024,0.232,0.061,0.170,0.141,1.000,0.359,0.678,0.075,0.018,0.785,0.260,0.210,0.302,0.176,0.412,0.165,0.024,0.015,0.016,0.125,0.071,0.103
uPPc_20,0.263,0.112,0.285,0.259,0.244,0.231,0.236,0.292,0.470,0.445,0.329,0.242,0.006,0.174,0.194,0.240,0.344,0.196,0.359,1.000,0.471,0.485,0.273,0.298,0.293,0.366,0.266,0.199,0.531,0.328,0.080,0.174,0.148,0.119,0.223,0.139
uPPc_21,0.235,0.249,0.200,0.287,0.351,0.427,0.191,0.272,0.595,0.419,0.242,0.330,0.137,0.201,0.272,0.184,0.349,0.245,0.678,0.471,1.000,0.362,0.269,0.525,0.344,0.562,0.275,0.315,0.715,0.226,0.051,0.185,0.102,0.165,0.248,0.191
uPPc_22,0.330,0.140,0.232,0.303,0.221,0.006,0.116,0.226,0.357,0.316,0.419,0.250,0.039,0.389,0.242,0.245,0.387,0.274,0.075,0.485,0.362,1.000,0.659,0.062,0.323,0.437,0.184,0.338,0.509,0.267,0.133,0.224,0.132,0.056,0.471,0.258
uPPc_23,0.304,0.352,0.117,0.284,0.137,0.008,0.111,0.136,0.261,0.332,0.383,0.237,0.307,0.279,0.348,0.225,0.488,0.230,0.018,0.273,0.269,0.659,1.000,-0.011,0.282,0.367,0.099,0.522,0.401,0.239,0.017,0.159,0.099,0.068,0.585,0.486
uPPc_24,0.073,0.167,0.120,0.240,0.198,0.334,0.133,0.148,0.576,0.137,0.037,0.240,0.159,0.009,0.255,0.080,0.115,0.127,0.785,0.298,0.525,0.062,-0.011,1.000,0.231,0.195,0.306,0.174,0.374,0.154,0.031,0.031,0.013,0.055,0.068,0.113
uPPc_25,0.271,0.495,0.224,0.762,0.163,0.161,0.178,0.217,0.279,0.291,0.180,0.251,0.254,0.316,0.363,0.146,0.346,0.255,0.260,0.293,0.344,0.323,0.282,0.231,1.000,0.337,0.258,0.323,0.398,0.198,0.152,0.139,0.009,0.135,0.311,0.279
uPPc_26,0.255,0.280,0.170,0.283,0.227,0.386,0.217,0.202,0.387,0.573,0.291,0.207,0.132,0.175,0.215,0.175,0.334,0.210,0.210,0.366,0.562,0.437,0.367,0.195,0.337,1.000,0.156,0.295,0.643,0.233,0.038,0.194,0.041,0.113,0.267,0.324
uPPc_27,0.687,0.048,0.338,0.279,0.339,0.090,0.638,0.430,0.396,0.135,0.486,0.396,0.114,0.127,0.438,0.592,0.408,0.438,0.302,0.266,0.275,0.184,0.099,0.306,0.258,0.156,1.000,0.173,0.258,0.794,0.117,0.247,0.143,0.153,0.233,0.023
uPPc_28,0.311,0.529,0.019,0.332,0.016,0.100,0.156,0.058,0.300,0.195,0.250,0.226,0.426,0.229,0.429,0.213,0.421,0.213,0.176,0.199,0.315,0.338,0.522,0.174,0.323,0.295,0.173,1.000,0.418,0.248,0.054,0.030,-0.004,0.020,0.587,0.763
uPPc_29,0.281,0.307,0.222,0.383,0.313,0.424,0.224,0.307,0.550,0.453,0.309,0.300,0.145,0.248,0.286,0.273,0.411,0.249,0.412,0.531,0.715,0.509,0.401,0.374,0.398,0.643,0.258,0.418,1.000,0.280,0.023,0.222,0.133,0.172,0.382,0.282
uPPc_33,0.787,0.160,0.305,0.314,0.251,0.138,0.737,0.381,0.357,0.280,0.548,0.348,0.144,0.165,0.335,0.641,0.442,0.404,0.165,0.328,0.226,0.267,0.239,0.154,0.198,0.233,0.794,0.248,0.280,1.000,0.126,0.196,0.169,0.129,0.321,0.150
uPPc_34,0.160,0.034,0.191,0.149,0.166,-0.046,0.037,0.166,0.012,0.074,0.090,0.153,0.002,0.113,0.143,0.001,0.071,0.159,0.024,0.080,0.051,0.133,0.017,0.031,0.152,0.038,0.117,0.054,0.023,0.126,1.000,0.225,0.122,0.040,0.127,0.045
uPPc_35,0.261,-0.087,0.302,0.129,0.823,-0.070,0.139,0.328,0.076,0.148,0.246,0.281,-0.073,0.080,0.189,0.258,0.219,0.209,0.015,0.174,0.185,0.224,0.159,0.031,0.139,0.194,0.247,0.030,0.222,0.196,0.225,1.000,0.285,0.175,0.121,-0.042
uPPc_36,0.193,0.052,0.338,-0.039,0.221,-0.077,-0.002,0.359,-0.006,0.175,0.311,0.282,0.043,0.330,0.105,0.146,0.192,0.047,0.016,0.148,0.102,0.132,0.099,0.013,0.009,0.041,0.143,-0.004,0.133,0.169,0.122,0.285,1.000,0.502,0.112,-0.025
uPPc_37,0.161,0.063,0.274,0.106,0.210,0.065,0.150,0.331,0.139,0.168,0.229,0.145,0.051,0.250,0.110,0.232,0.197,0.073,0.125,0.119,0.165,0.056,0.068,0.055,0.135,0.113,0.153,0.020,0.172,0.129,0.040,0.175,0.502,1.000,0.087,-0.012
uPPc_38,0.423,0.391,0.193,0.340,0.078,0.056,0.183,0.224,0.283,0.255,0.407,0.206,0.336,0.249,0.367,0.322,0.462,0.250,0.071,0.223,0.248,0.471,0.585,0.068,0.311,0.267,0.233,0.587,0.382,0.321,0.127,0.121,0.112,0.087,1.000,0.640
uPPc_39,0.195,0.581,-0.042,0.269,-0.111,0.131,0.042,-0.037,0.180,0.314,0.168,0.096,0.487,0.188,0.342,0.118,0.402,0.064,0.103,0.139,0.191,0.258,0.486,0.113,0.279,0.324,0.023,0.763,0.282,0.150,0.045,-0.042,-0.025,-0.012,0.640,1.000
